100190
100362
100379
100385
100391
1004
100519
100556
100563
100580
1008
1014
1016
101858
101962
101971
102002
102012
102049
10264962
10279739
10279765
1028
1030
10310312
10310744
10319453
1038
104100
1042
105
1057
10601
1061
10626721
10634
1065
1068598
1074
1078
107871
10831
109096
109204
109348
109354
109355
1094
109417
1095
10959356
10967415
109871
10990739
10995439
1108
1116
1122903
1128
11298787
1131
11311795
11322446
11347016
11353231
1139
114021
1149
11541
115485
1155
11658171
1166
1167415
11676280
11704884
11705403
11705406
11720838
1175
1177
11781676
1182
1183
1193
12016844
1202
12036865
12066349
12066684
12145
1232
1234
12393284
12393310
12393396
12394069
1241
12426453
1243
12433108
1249
1251
12514
125149
125413
12542
125482
1261
12647
1276
127629
127715
127729
127929
128381
128446
128451
128524
128560
128599
128736
128790
128795
128798
128817
128843
128853
128873
128882
128943
128955
128993
129002
129010
129016
129021
129054
129069
129072
129087
129095
129104
129150
129152
129153
129172
129174
129175
129184
129202
129203
129206
129208
129225
129245
129261
129272
129394
129396
129400
129402
129413
129418
129419
129424
129433
129436
129440
129446
129452
129454
129456
129463
129467
129476
129494
129499
129502
129511
129512
129513
129515
129523
129553
129583
129585
129600
129602
129603
129604
129605
129609
129621
129624
129638
129660
129672
129677
129686
129689
129696
129704
129705
129706
129725
129727
129730
129734
129749
129757
129758
129769
129771
129775
129778
129794
129796
129798
129818
129820
129822
129823
129836
129839
129842
129846
129850
129855
129859
129862
129878
129885
129890
129902
129906
129910
129921
129926
129936
129941
129946
129966
129968
129970
129971
129975
129983
129990
1300
130006
130011
130029
130032
130057
130063
130107
130117
130120
130127
130140
130142
130145
130154
130177
130184
130199
130248
130701
130873
1310
1314
1316
131615
13171199
1318
131814
131848
131849
13186239
131895
131907
131914
131943
131955
131963
131982
131999
132025
132079
132126
132128
132239
132249
132259
132303
132367
132406
132528
132539
132577
132671
132721
132742
132778
132827
132862
1330
1331
133127
133364
133391
133497
1335
133528
133673
133702
133712
133769
133779
133797
133889
133951
133952
133957
133972
133978
133987
133993
134015
134026
134034
134036
134056
134126
1343
1350
1352
13553593
1358
135843
13590962
13591496
1359363
1362
13633381
1365
1366
1367
1371
1373
1376
1377
1380
1386
1387
1388
1389
1393
1396
1397
13981024
13981031
1399
14004542
14069
1407
1409
1410
1411
1413
1414
1415
1416
1420
1421
142175
1428
14338024
1435
14350739
1440
1441
1444078
1449
1450
1452
1452322
1452457
1452625
1453
1454
1460
1461
1462
146522
1468
14685650
1471
1472
14726357
1477610
1477637
1478449
1478864
1479337
1488
1494236
1494245
1494396
1494446
1494447
1494666
15040126
1505
150759
151243
151415
151418
151470
151568
151609
151628
1517
1525103
1525399
152755
15395119
15434627
154421
1548028
1548632
155138
155180
15524638
155352
155460
155470
155476
155706
155848
155896
155925
155940
155958
15665
157098
1572
1573
15763370
1582
158453
158622
158933
159142
1592
159208
159276
159372
159382
159483
159699
159700
159702
159707
159917
159934
159987
160072
1601
160110
160120
160121
160199
160206
160217
160223
160244
160247
160258
160834
160956
16119517
16120895
161284
16144551
162141
162164
162536
162871
162932
163108
163109
163152
163199
163505
1639
164061
164069
16475796
16475797
16475841
16476267
16496676
16496682
165
1651
16827155
16827159
16827175
16837815
16845996
169
1692
169484
169764
169790
170197
170199
1706
1708
1711
17158438
1716
1717
17187709
17187774
172357
172611
172752
172960
173047
1737
173737
174
1743
1744
17544737
177188
177822
177983
177988
178032
1791
1806
181118
181184
181215
18218609
1826
182781
1829
1830
1834
183491
1835
183542
1842
1846739
184798
1849
184937
184941
185065
185205
185272
185275
185400
185480
1854914
185530
185544
185571
185573
185579
185653
185658
185723
185741
185908
185923
185941
185948
185961
185972
185975
185998
186002
186025
186029
186039
186063
186119
186123
186134
186147
186159
186173
186177
186179
186187
186191
186197
186273
186299
186320
186321
186322
186323
186329
186337
186353
186358
186370
186390
186391
186394
186395
186396
186400
186412
186417
186418
186426
186427
186437
186450
186455
186456
186463
186472
186484
186502
186514
186530
186536
186543
186552
186560
186567
186585
186587
186591
186595
186606
186619
186637
186660
186662
186668
186675
186678
186680
186694
186705
186710
186733
186734
186735
186753
186766
186795
186797
186801
186805
186815
186848
186863
186864
186877
186878
186899
1869
186907
186910
186912
186922
186924
186932
186936
186941
186945
186954
186961
186965
186968
186977
186982
186983
186986
186995
187032
187035
187074
187098
187102
187110
187116
187160
187170
187210
187215
187216
187220
187232
187245
187254
187260
1872881
187557
187680
1878
187878
187941
187969
187977
188057
188089
1881
188218
188282
188340
188444
188599
188626
1887
188713
188760
188848
188865
189061
1891
189118
189124
189156
189238
189260
189262
189286
189290
189296
189349
189585
189707
189797
189896
1899
189956
189959
190049
1901
190168
190679
191285
191286
191303
191367
1917
1920
1922
1923
193149
193196
194768
1953
1956
19606965
19625217
197
197704
197807
198040
198051
198062
198086
198116
198166
198220
198562
198736
198739
198786
1988
1992
19979845
19988728
19988729
202002
202568
205382
205411
205776
205944
205983
2060
20673391
20673398
20691926
20716662
20716664
21036703
21054114
21054226
21054913
21065074
21065095
21065096
21072805
212976
213486
21394947
21412317
21412344
21412345
21412837
21412957
21412958
21427690
21427714
21427729
21427813
21437534
2144
214996
215532
2158083
2158213
2158417
2158512
216612
2170272
217194
21762179
21762182
21762216
21762788
21762805
21762806
21773178
21781428
21782194
21782219
21782390
2178735
2178933
21803033
21803059
218595
218858
218989
219211
219433
219486
219534
219633
219730
219737
219847
219920
219933
220040
220052
2206665
2206688
2206980
2206983
22126606
22136685
221450
22145386
22146099
22158925
22158926
221615
22168912
22169319
2225
223943
225000
225238
22536030
22536031
22536394
2283
2285
22878573
22897169
23223420
23242223
23269567
23269626
23269627
23269641
23269646
23269650
23269651
23269660
23269664
23269737
23269740
23269836
23277918
23277919
23278660
23278683
23278684
23288018
23288050
23288607
23301876
2332
234692
23637699
23638292
23671
23688922
23697427
23697440
23697866
23697916
23697990
23698162
23707367
23707369
23707373
23730765
237316
23738800
23738801
237695
239578
23987
24015
240244
24065312
24065388
24071
24081699
24100318
241036
24147
2423
24235
24238
24280
24284
24288
24429
24468970
24469059
24469115
24469185
24506
2454
2461
24655
24799857
24799911
24799984
24817070
24817071
24817135
24817171
24817371
24817373
24817375
24817389
24818798
2483331
2483333
24837941
24837947
24838191
24852
25063
25087
25102
2510251
2510388
2510817
2511082
2511096
2511125
25120
25126
25144
251477
25162
25187
25187185
25242
25278
25282
25284
25335
253463
25354
25355
253657
2538633
25399
25400
254081
25451
25489
25499
25514
25568439
25609
257663
25795
258137
258164
25826
25922183
25922235
25930741
25930790
25954409
25960
26027
26031
26033
26035
260833
260862
260904
260924
260932
26155
262274
262324
262551
262644
26294
26336812
26354
26370
26393
26491
26506
26536
26579
26603
26635
26687
26715311
26715449
26768
26786
268
26823
2683
26860
26867
26935
26955
27066563
27066567
27066711
27066718
27067050
27067062
27067064
27067136
2712
27440203
27440211
27440826
27440827
27441544
27592
2763
2775
27815064
27850
2815
2816035
28176047
2818
2823228
2832
28543553
28552845
28575698
28581
28648
286609
28716
2875858
2884
28912710
28912747
28912805
28912983
28912998
28931733
289398
290036
29184
29239
29303604
29313293
29323
29336632
293951
294
294000
29419594
29478
29495
2951
29720338
2975
29809271
2985
2987
29992
30017
30071846
30178
30236
30286
30289
30291
30372
3043
30446920
30446925
30446936
30446984
30467789
30482209
30548
30554
30590
30642
3071
30746
30784
30844
30866039
30920
30922
309344
30949
30950
30955
30959
30972
30979
30999
31000
31002
310131
310132
310217
31022
310288
310486
31053
31073
31074
31077
31098
31115
31129
31138
31140
31146
31148930
31207
31254
31260
31274
31279
31284
31288
3130
31317
31342
31344
31346
31369
3139
31398
3140
31412
31429
31468
31486
31504
31522
31532
31533
31550
31551
31561
31566
3156869
3156875
3158
3160
31607851
31609
31636
31640130
31647
31653
31661
31668
31685
3169811
31702
31709
31712
31714
31723
31729
31730
31739
31744
31745
31757
31761
31769
31772
31773
31775
3178
3181368
3181370
31823
31824
31825
31836
31837
31854
31855
31857
31864
31878
318784
3187862
3188072
31907
31909
31913
31931
31934
31954
31982
32031212
32048
32057
32058
32070
320838
32089
32100
32101
32102
32130
32134
32137
32138
32141
3215
32154
32155
32158
32159
32185
32187
32193
32258
322964
323
32314
32338
32347
32353
32361
32362
32372
32373
32374
32379
32384
32387
32387131
32389
32392
32393
32395
32397
32403
32404512
32406
32425
32428
32438
32467
324712
32508
32511
32513
32515
32525
32535
32536
32538
32539
32547
32550
32566
32568
32574
32578
32580
32581
32582
32583
32585
32586
32587
3259
32612
32621
32622
32636
32640
32641
32642
32659
32663
32672
3268
32695
32698
32710
32725
32728
32738
32744
32769
32777430
32777439
32777506
32780
32784
32785663
32786894
32792
32795609
3281
32819099
32819168
32819180
32819182
32819236
3282
32853
32985
330582
33079
33186829
33187441
33187618
332047
332147
33301
333414
333499
333594
333616
333670
333689
333731
333781
333797
333815
333989
334044
3344
334576
3354
335521
33561910
335653
335673
335705
336
336133
336287
33629
33645
33677
33685
33701
33716
33719
33727
33731
337394
337432
33747
33770
33784
33793
338180
33886
339083
339093
339112
33989
34025
340342
34053
34084
34333
34392107
34432365
34443308
34530
34594
3463
34668
34700
34719
34737
34831
34874535
34880
35062
35084
3510051
3510186
3510260
3510288
3510293
35117
35144
35145
35150
35153
35159
35192
3526251
3526262
35270
35280539
35281052
35281182
35311
35341
35342
35364
35574
3568416
35699874
35815
35843
35859
3596
36085251
36119
361467
362026
362272
362339
362741
362772
36457
36481676
36482306
36488
364986
36609
36633
366496
3665
366753
36681
36732
367822
36793
36873430
37252523
37255840
37257779
37257790
37257793
37259180
37259482
37259654
37260234
37260590
37260591
37260638
37261096
37261283
37261496
37261500
37261923
37262099
37262105
37262106
37266009
37266013
37266015
37266099
37266223
37266296
37266405
37288001
37289022
37289237
37289275
37296248
37296497
37296505
37296692
37297045
37297544
37298063
37303791
37315658
37315995
37316425
37316428
37316446
37316454
37316459
37316465
37316469
37316480
37316549
37316600
37316612
37316840
37316858
37316934
37316940
37316942
37317007
37317015
37317367
37317369
37317375
37317391
37317417
37325012
37328126
37332072
37336214
37336803
37336993
37336999
37337021
37337035
37337041
37337048
37337103
37337152
37337189
37341806
37342613
37342614
37342616
37342619
37342694
37343966
37343967
37343968
37343970
37343971
37351236
37351292
37354789
37357226
37366611
37369430
37371200
37380652
37382883
37391070
37392849
37396571
37400484
37404802
37407284
37423141
37423201
37429246
37445073
37445256
37459030
37459050
37459075
37489044
37512282
37514199
37518779
37520089
37526008
37526248
37528548
37529619
37529822
37530812
37530900
37530901
37530982
37530983
37530984
37530985
37531000
37531504
37532178
37532950
37532973
37533245
37536423
37536550
37536874
37537580
37537922
37537954
37538006
37538351
37538405
37538492
37539430
37539583
37540122
37540621
37540844
37541125
37541244
37543199
37543258
37543259
37544385
37544805
37544963
37545486
37545668
37546378
37546379
37547795
37555255
37555833
37558978
37558983
37558989
37560186
37561784
37561914
37561948
37562065
37563155
37566137
37566703
37567314
37568079
37568659
37568801
37570226
37571579
37572046
37575719
37576590
37577431
37577470
37579360
37579899
37579929
37579976
37580038
37580230
37581992
37582045
37582118
37582157
37582158
37582217
37582257
37582398
37582401
37582422
37583164
37583472
37583841
37584216
37584914
37585962
37588236
37589724
37590611
37590615
37590619
37590697
37592228
37593233
37593236
37593237
37593240
37593964
37596164
37598387
37599457
37599471
37600357
37600364
37600568
37601293
37604044
37612045
37612510
37622173
37631801
37745
3779
37831
37891
38
380232
380777
380833
380886
380970
38127
382624
383223
383556
3857303
38588
3861304
3861479
3861542
3861598
3861642
3861716
3861741
3861826
3861958
3862043
3862059
3862097
3862118
3862352
3862360
3862381
3862426
3862473
3862494
3862554
3862572
3862667
3862683
3862693
3862700
3862725
3871
3876562
3876586
3877087
3884
3935
39525
39684
4029
405455
40819
4091
4105
41077
4117
411876
41231
4125
4128
4154
4165
418101
418197
418203
418281
418375
418438
418704
4187912
4192267
41963
4203
42102
4233
4241
4243068
42710
430027
430097
430355
430403
4313
43243
432782
432840
432872
432880
432881
432896
432899
432912
432913
433
433156
433169
433194
433380
433423
433457
433458
433500
4337
433723
433778
433811
434099
4341
434242
434243
4343
4344
43502
435327
4359
435908
435939
435957
435988
436159
436921
4371
437210
4381
4391
441131
4415
4439
445445
445827
445831
4460
446236
446442
447105
447134
447166
447226
447240
447278
447554
4479
448093
448107
44824
448290
448342
448372
448379
448389
448448
4491
449187
449298
4493
450031
45045
452982
4536500
4536517
4536524
4536525
4536527
4536535
4536537
4536538
4536572
4536574
4536583
4545327
4545389
4545394
4545404
4545430
4545453
4545461
4545466
4545513
4545529
4552689
455376
455382
455794
455799
455805
455900
45593
456067
456276
456477
456593
4567
457047
4574
458549
458755
459145
4592175
459307
459653
459660
4598710
4598726
4601
460160
46092
4613
4627
4637
463850
4655
465580
4659
467567
4679
469717
4720
4728
473149
47439
47518
4764
4766
47712
4777
4783
4792
4801
4815
4833
4842
4901
4927
49353
49420
4947
496775
4969682
4969702
498
498161
5007
5013
5071
513
5141
5149
516291
518749
518833
519
522606
52294
52296
52353
52387
523939
523963
524055
5241
524309
524549
524849
52500
525019
525082
5252
52573
525790
52585
52671
5270371
5270462
5270468
5270497
5273
527351
527532
527618
527765
52792
52794
52803
52833
52867
52868
52873
529415
529483
529627
529664
529689
529837
529856
529896
53
530188
530190
530320
530365
530757
530758
530762
530921
5319
531967
5321
532358
5329
533182
5336861
5341
5345
53473
5349
5361
53625
537056
5371
537108
537117
537121
537203
537208
537217
537271
537285
537332
537347
537493
537514
537558
537584
537592
537595
537599
537625
537660
537666
537758
537759
537837
537914
538034
538861
538907
539680
539720
539961
539967
539993
540184
540189
540203
540217
540248
540251
540261
540290
5403
540319
540476
540548
540571
540579
540600
540613
54191
54302
54303
545244
55485
5640817
5640878
5640926
5640928
5641028
5641043
5666457
5666458
5666474
5681
569
580
581000
581043
581067
581197
581199
581206
581220
581238
5917
5921
5967843
5967970
600687
6013424
60270
6033
608189
608285
608329
6087
61081
61139
61186
612
61517
61654
61780
61806
62026
62181
6230
62337
62342
62378
62400
62423
62427
625
62502
62511
62538
62539
62546
62597
62623
62649
62689
627
6286
62860
62871
62872
62895
62904
62947
62955
62962
6301
63020
63048
6306127
6306131
6306138
63142
63164
63179
6333
6351
63551
64020
6403
64202
64524
6495
6504
65152
6524
65593
65616
6581
6588
6590
6599943
6610
6634
6642577
6648042
67575
681
6838
6853
689021
692
6970
6970659
6983809
6983860
702
7026573
7026744
70428
70533
70917
71024
7124
7176
73004
73147
733
7340703
7346228
73603
7387389
73906
73913
74008
74060
74062
74092
74095
74116
74121
74124
74146
74160
747
749934
75066
751551
752045
7522
7566
764
7643
7655
765721
766260
766659
7691269
7698421
7698423
7698433
7698436
7714347
77613
7802
781651
784
784373
78462
785058
7855
785998
786811
7926
793
79539
7958
798
7993
800
802
80271
80304
80331
8039
8043787
805
8062
80655
80675
80889
8092941
810
8101006
819
8191
820
82032
8204
827
832
8333
83488
835
83795
83927
8403182
8403613
8415421
8417256
8417290
8417828
84217
84301
84342
84396
84426
84427
84462
8449373
84528
84535
84540
84549
84594
84604
84619
84627
84658
850
85808
881
8932826
893767
896225
896234
9006
911
914
916
927
9274
9279559
929
9302763
9308193
9308200
933
937
93900
93948
941
942
9438
94436
94511
94649
94707
94761
94931
94935
95093
95108
95131
95150
95168
95172
95182
95269
95293
95334
95346
95348
95368
95369
95384
95393
95396
95407
95411
95475
95481
95496
955
95565
95593
95599
95617
95635
95661
95680
95694
95696
95698
957
95732
95746
95754
95792
95807
95823
95844
95888
95896
95916
95979
95998
96017
96030
96044
9605680
96060
96082
96083
96090
96092
96099
96100
96102
96109
9611543
96122
96125
96144
96154
96155
96158
96196
96201
96208
96222
96227
96247
96250
96256
96272
96285
96287
96289
96290
96307
96344
96348
96353
96361
96364
96394
96426
96461
96495
96511
96514
96516
96536
96537
96540
96542
96551
96564
96571
96572
96573
96575
96586
96589
96608
96610
96611
96612
96631
96632
96635
96642
96656
96659
96660
96661
96663
96664
96676
96679
96689
96691
96695
967
96714
96715
96719
96723
96733
96740
96741
96747
96748
96755
96765
96766
96790
96792
96798
96799
96801
96804
96826
96838
96839
96842
96854
96870
96874
96884
96886
96887
96915
96924
96928
96950
96956
96959
96962
96964
96966
96972
97078
97087
971
97292
97328
97375
97414
97438
97439
97454
97592
97626
97664
97668
97669
97692
97723
97752
97811
97843
978883
979
97912
97970
98009
98051
9808
98122
98131
982
98219
9826
98306
98320
98335
98350
98421
98457
98502
98697
98711
98729
98739
98741
98788
98838
98868
98874
98887
98893
989
98903
98919
98971
99000
99036
99039
99052
99064
99068
99076
99117
99118
99137
99148
99157
99173
992
9939024
9939176
9939186
9939203
995
99520
99534
9967153
997
